32    22    20    18     -1.583090  0      
34    32    22    20      2.252021  0      
53    36    34    32     -1.974915  0      
55    53    36    34      2.519138  0      
75    57    55    53     -2.016864  0      
77    75    57    55      2.444001  0      
94    79    77    75     -2.096762  0      
96    94    79    77      2.268666  0      
113   98    96    94     -1.881020  0      
115   113   98    96      2.185384  0      
132   117   115   113    -1.812881  0      
134   132   117   115     2.014818  0      
146   136   134   132    -1.947618  0      
148   146   136   134     1.043399  0      
230   212   210   208    -2.300830  0      
232   230   212   210     2.213007  0      
237   234   232   230     3.138746  0      
239   237   234   232    -3.105911  0      
252   241   239   237    -2.584304  0      
254   252   241   239     2.751804  0      
266   256   254   252    -2.728926  0      
268   266   256   254     2.923145  0      
280   270   268   266    -2.332676  0      
282   280   270   268     2.810332  0      
294   284   282   280    -2.728805  0      
296   294   284   282     2.832577  0      
309   298   296   294    -1.795427  0      
311   309   298   296     2.364564  0      
347   339   337   335    -2.791396  0      
349   347   339   337     3.082160  0      
357   351   349   347    -1.199787  0      
359   357   351   349    -0.567540  0      
367   361   359   357    -1.000770  0      
369   367   361   359    -0.701482  0      
381   371   369   367    -1.224380  0      
383   381   371   369    -0.619570  0      
391   385   383   381    -1.044078  0      
393   391   385   383    -0.698497  0      
406   395   393   391    -0.979812  0      
408   406   395   393    -0.869590  0      
428   410   408   406    -1.114131  0      
430   428   410   408    -0.761944  0      
444   432   430   428    -1.181235  0      
446   444   432   430    -0.948931  0      
464   448   446   444    -1.113526  0      
466   464   448   446    -0.693030  0      
486   468   466   464    -1.056312  0      
488   486   468   466    -0.797211  0      
503   490   488   486    -1.175093  0      
505   503   490   488    -0.761086  0      
524   507   505   503    -1.046806  0      
526   524   507   505    -0.812641  0      
534   528   526   524    -1.067938  0      
536   534   528   526    -0.710678  0      
548   538   536   534    -1.082073  0      
550   548   538   536    -0.786051  0      
560   552   550   548    -1.058766  0      
562   560   552   550    -0.441653  0      
574   564   562   560    -1.674094  0      
576   574   564   562     0.117255  0      
631   620   618   616    -1.602493  0      
633   631   620   618     2.243565  0      
655   635   633   631    -1.687486  0      
657   655   635   633     2.332110  0      
669   659   657   655    -2.298220  0      
671   669   659   657     2.581318  0      
690   673   671   669    -2.352056  0      
692   690   673   671     2.371167  0      
702   694   692   690    -1.955422  0      
704   702   694   692     1.910764  0      
774   764   762   760    -2.074067  0      
776   774   764   762     2.269037  0      
794   778   776   774    -1.704388  0      
796   794   778   776     2.391262  0      
808   798   796   794    -2.260325  0      
810   808   798   796     2.341412  0      
824   812   810   808    -2.187808  0      
826   824   812   810     2.268730  0      
838   828   826   824    -2.128947  0      
840   838   828   826     2.230740  0      
