613	620	0.38	
150	157	0.38	
585	578	0.38	
241	234	0.38	
718	728	0.38	
351	361	0.38	
361	371	0.38	
385	395	0.38	
528	538	0.38	
313	323	0.38	
706	718	0.38	
706	694	0.38	
339	351	0.38	
601	613	0.38	
552	564	0.38	
659	673	0.38	
798	812	0.38	
778	764	0.38	
371	385	0.38	
136	150	0.38	
828	842	0.38	
538	552	0.38	
564	578	0.38	
728	742	0.38	
22	36	0.38	
284	298	0.38	
284	270	0.38	
256	270	0.38	
193	179	0.38	
395	410	0.38	
635	620	0.38	
298	313	0.38	
241	256	0.38	
432	448	0.38	
339	323	0.38	
812	828	0.38	
585	601	0.38	
490	507	0.38	
5	22	0.38	
601	620	0.72	
136	117	0.38	
98	79	0.38	
98	117	0.38	
193	212	0.38	
778	798	0.38	
351	371	0.54	
448	468	0.38	
673	694	0.38	
528	507	0.38	
136	157	0.66	
585	564	0.55	
36	57	0.38	
706	728	0.55	
339	361	0.55	
410	432	0.38	
635	613	0.64	
468	490	0.38	
157	179	0.38	
742	764	0.38	
57	79	0.38	
256	234	0.71	
212	234	0.38	
601	578	0.66	
718	694	0.54	
718	742	0.57	
659	635	0.38	
361	385	0.54	
371	395	0.54	
528	552	0.55	
385	410	0.55	
298	323	0.70	
339	313	0.53	
538	564	0.53	
552	578	0.55	
351	323	0.73	
585	613	0.68	
284	256	0.71	
298	270	0.72	
150	179	0.53	
284	313	0.66	
241	270	0.72	
241	212	0.73	
798	828	0.67	
812	842	0.68	
507	538	0.54	
5	36	0.65	
339	371	0.57	
706	673	0.64	
150	117	0.59	
552	585	0.76	
212	179	0.64	
778	812	0.68	
798	764	0.65	
694	728	0.55	
351	385	0.48	
361	395	0.54	
635	601	0.86	
659	694	0.69	
22	57	0.67	
706	742	0.47	
778	742	0.67	
432	468	0.55	
528	564	0.51	
157	193	0.58	
728	764	0.52	
395	432	0.57	
601	564	0.91	
673	635	0.69	
410	448	0.58	
351	313	0.69	
361	323	0.83	
528	490	0.54	
136	98	0.65	
79	117	0.65	
659	620	0.66	
371	410	0.53	
468	507	0.55	
157	117	0.95	
538	578	0.49	
339	298	0.86	
57	98	0.68	
193	234	0.67	
448	490	0.54	
150	193	0.44	
136	179	0.81	
36	79	0.69	
313	270	0.99	
351	395	0.64	
718	673	0.91	
507	552	0.51	
718	764	0.81	
659	613	0.97	
339	385	0.68	
385	432	0.51	
538	585	0.55	
694	742	0.53	
361	313	0.84	
371	323	0.68	
490	538	0.49	
241	193	1.00	
361	410	0.71	
778	728	0.87	
528	578	0.63	
150	98	0.95	
395	448	0.55	
351	298	0.97	
673	728	0.86	
157	212	0.75	
234	179	1.00	
798	742	1.00	
339	395	0.92	
528	585	0.50	
136	193	0.66	
136	79	0.98	
507	564	0.65	
706	764	0.71	
410	468	0.52	
371	313	0.59	
432	490	0.53	
351	410	0.91	
448	507	0.48	
468	528	0.51	
371	432	0.63	
385	323	0.83	
150	212	0.55	
490	552	0.62	
385	448	0.58	
538	601	0.69	
673	742	0.70	
694	764	0.54	
468	538	0.61	
361	432	0.91	
507	578	0.88	
706	778	0.89	
385	313	0.59	
395	468	0.57	
371	298	0.91	
528	601	0.71	
490	564	0.87	
432	507	0.60	
136	212	0.51	
117	193	0.70	
371	448	0.86	
507	585	0.86	
410	490	0.60	
448	528	0.58	
351	432	0.98	
395	313	0.96	
385	468	0.79	
694	778	0.64	
468	552	0.87	
150	234	0.84	
528	613	0.96	
385	298	0.79	
490	578	0.97	
448	538	0.83	
673	764	0.59	
395	490	0.83	
490	585	0.96	
117	212	0.53	
432	528	0.85	
468	564	0.99	
371	468	0.98	
410	507	0.84	
136	234	0.70	
385	284	0.78	
694	798	0.83	
448	552	0.96	
673	778	0.45	
659	764	0.85	
385	490	0.97	
136	241	0.87	
432	538	0.98	
395	507	0.98	
98	212	0.80	
385	270	0.98	
468	585	0.88	
117	234	0.51	
410	528	0.99	
659	778	0.58	
432	313	0.86	
241	117	0.56	
673	798	0.63	
468	601	0.88	
432	298	0.96	
98	234	0.63	
659	798	0.53	
673	812	0.88	
256	117	0.83	
778	635	0.72	
98	241	0.45	
432	284	0.84	
659	812	0.63	
79	234	0.87	
98	256	0.69	
79	241	0.56	
798	635	0.61	
448	284	0.85	
468	635	0.89	
659	828	0.87	
98	270	0.89	
635	812	0.47	
79	256	0.55	
798	620	0.83	
448	270	0.92	
57	241	0.74	
798	613	0.97	
79	270	0.61	
812	620	0.56	
448	256	0.94	
635	828	0.71	
812	613	0.60	
57	256	0.61	
284	79	0.85	
635	842	0.93	
620	828	0.57	
812	601	0.78	
57	270	0.45	
613	828	0.53	
36	256	0.88	
620	842	0.68	
812	585	0.84	
601	828	0.79	
284	57	0.68	
613	842	0.44	
36	270	0.58	
395	635	0.92	
601	842	0.62	
298	57	0.91	
585	828	0.88	
36	284	0.57	
22	270	0.68	
585	842	0.73	
22	284	0.58	
36	298	0.64	
22	298	0.47	
36	313	0.72	
395	673	0.90	
5	284	0.85	
528	812	0.88	
36	323	0.98	
385	673	1.00	
22	313	0.65	
5	298	0.57	
22	323	0.87	
339	36	0.87	
385	79	0.93	
5	313	0.58	
778	468	1.00	
351	36	0.75	
339	22	0.89	
5	323	0.61	
351	673	0.88	
385	57	0.91	
351	22	0.94	
778	448	0.83	
339	5	0.68	
371	36	1.00	
351	694	0.98	
468	812	0.95	
351	5	0.87	
385	36	0.70	
798	448	0.99	
706	351	0.83	
385	742	0.96	
395	36	0.99	
385	22	0.92	
448	812	0.97	
448	79	0.73	
564	193	0.88	
385	764	0.97	
385	5	0.99	
395	778	0.83	
578	193	0.95	
351	742	0.76	
448	57	0.93	
585	193	0.83	
385	778	0.84	
339	742	0.96	
528	117	0.85	
448	36	0.95	
351	764	0.93	
150	564	1.00	
351	778	0.91	
585	157	0.95	
150	578	0.95	
150	585	0.69	
528	79	0.97	
136	585	0.92	
150	601	0.86	
150	613	0.86	
585	117	0.85	
136	613	0.94	
764	270	0.91	
778	270	0.98	
798	241	0.94	
659	79	1.00	
673	79	0.92	
673	57	0.98	
694	57	1.00	
673	36	0.99	
842	193	0.96	
694	36	0.99	
778	117	0.90	
798	136	0.80	
812	150	0.81	
842	179	0.97	
742	79	0.90	
98	764	0.76	
706	36	0.97	
828	157	0.86	
728	57	0.84	
812	136	0.65	
150	828	0.63	
778	98	0.66	
798	117	0.66	
842	157	0.65	
742	57	0.67	
764	79	0.57	
136	828	0.52	
150	842	0.54	
728	36	0.83	
812	117	0.59	
778	79	0.47	
798	98	0.50	
136	842	0.67	
742	36	0.54	
57	764	0.46	
828	117	0.69	
812	98	0.67	
798	79	0.57	
742	22	0.77	
778	57	0.61	
842	117	0.88	
36	764	0.57	
828	98	0.87	
812	79	0.78	
5	742	0.88	
798	57	0.84	
778	36	0.73	
22	764	0.90	
